Image         PSNR_noisy  BF(s=0.5,r=0.15)   BF(s=0.5,r=0.3)   BF(s=0.5,r=0.5)  BF(s=0.5,r=0.75)  BF(s=1.0,r=0.15)   BF(s=1.0,r=0.3)   BF(s=1.0,r=0.5)  BF(s=1.0,r=0.75)  BF(s=3.0,r=0.15)   BF(s=3.0,r=0.3)   BF(s=3.0,r=0.5)  BF(s=3.0,r=0.75)   PSNR_BM3D
------------------------------------------------------------------------------------------------------------------------------------------------------------------------------------------------------------------------------------------------------------
cameraman          20.04             21.84             23.06             23.54             23.69             24.88             26.77             26.23             25.63             26.27             25.88             23.48             22.25       29.42
house              20.00             21.53             22.88             23.43             23.63             25.05             28.06             28.59             28.61             26.68             27.58             26.23             25.49       32.88
peppers            20.01             21.59             22.87             23.36             23.51             24.88             27.22             26.70             26.05             25.83             25.53             23.40             22.45       30.11
lena               20.01             21.56             22.89             23.43             23.62             25.13             28.20             28.81             28.89             26.78             28.22             27.24             26.64       31.89
barbara            19.99             21.42             22.63             23.13             23.30             24.12             25.52             25.08             24.77             25.10             24.78             23.58             23.03       30.53
boat               19.99             21.54             22.85             23.38             23.58             24.78             27.31             27.51             27.40             25.88             26.09             24.86             24.25       29.78
hill               20.01             21.58             22.90             23.43             23.62             24.95             27.64             28.06             28.10             26.27             27.15             26.46             26.10       29.77
couple             20.02             21.54             22.86             23.40             23.60             24.73             27.15             27.34             27.26             25.64             25.69             24.61             24.10       29.64
------------------------------------------------------------------------------------------------------------------------------------------------------------------------------------------------------------------------------------------------------------
Average            20.01             21.58             22.87             23.39             23.57             24.81             27.23             27.29             27.09             26.06             26.37             24.98             24.29       30.50

BM3D:  sigma=0.1
